Order ID,AWB Code,total_wt_X,weight_slab_X,total_wt_cc,weight_slab_cc,zone_X,zone_cc,expected_charges_X,charges_by_cc,difference_x_cc
2001806210,1091117221940,220,0.5,2920.0,3.0,b,b,33.0,174.5,-141.5
2001806233,1091117222135,245,0.5,780.0,1.0,b,b,33.0,61.3,-28.3
2001806304,1091117222360,500,0.5,710.0,1.0,b,d,33.0,90.2,-57.2
2001806304,1091117222360,500,0.5,710.0,1.0,b,d,33.0,90.2,-57.2
2001806304,1091117222360,500,0.5,710.0,1.0,b,d,33.0,90.2,-57.2
2001806304,1091117222360,500,0.5,710.0,1.0,b,d,33.0,90.2,-57.2
2001806304,1091117222360,500,0.5,710.0,1.0,b,d,33.0,90.2,-57.2
2001806458,1091117223244,700,1.0,1000.0,1.0,b,b,61.3,61.3,0.0
2001806471,1091117223351,1621,2.0,1700.0,2.0,b,d,117.9,179.8,-61.9
2001806547,1091117224611,127,0.5,1000.0,1.0,b,b,33.0,61.3,-28.3
2001806575,1091117225016,500,0.5,680.0,1.0,b,b,33.0,61.3,-28.3
2001806575,1091117225016,500,0.5,680.0,1.0,b,b,33.0,61.3,-28.3
2001806616,1091117225484,963,1.0,1080.0,1.5,b,b,61.3,89.6,-28.3
2001806768,1091117227116,840,1.0,1020.0,1.5,b,d,61.3,135.0,-73.7
2001806776,1091117227573,611,1.0,2860.0,3.0,b,b,61.3,174.5,-113.2
2001806801,1091117227816,361,0.5,1350.0,1.5,b,b,33.0,89.6,-56.6
2001806801,1091117227816,361,0.5,1350.0,1.5,b,b,33.0,89.6,-56.6
2001806823,1091117228133,127,0.5,590.0,1.0,b,d,33.0,90.2,-57.2
2001806828,1091117228192,500,0.5,690.0,1.0,b,d,33.0,90.2,-57.2
2001806885,1091117229776,840,1.0,1000.0,1.0,b,b,61.3,61.3,0.0
2001806968,1091117229183,500,0.5,680.0,1.0,b,d,33.0,90.2,-57.2
2001807058,1091117323112,1168,1.5,1150.0,1.5,b,b,89.6,89.6,0.0
2001807058,1091117323112,1168,1.5,1150.0,1.5,b,b,89.6,89.6,0.0
2001807241,1091117324011,607,1.0,790.0,1.0,b,d,61.3,90.2,-28.9
2001807328,1091117324346,490,0.5,2280.0,2.5,b,d,33.0,224.6,-191.6
2001807329,1091117333100,500,0.5,730.0,1.0,b,d,33.0,90.2,-57.2
2001807415,1091117325094,1048,1.5,1000.0,1.0,b,b,89.6,61.3,28.3
2001807613,1091117333251,830,1.0,1040.0,1.5,b,d,61.3,135.0,-73.7
2001807785,1091117326424,500,0.5,680.0,1.0,b,d,33.0,90.2,-57.2
2001807814,1091117326612,607,1.0,790.0,1.0,b,b,61.3,61.3,0.0
2001807852,1091117326925,500,0.5,740.0,1.0,b,d,33.0,90.2,-57.2
2001807956,1091117327275,1080,1.5,1080.0,1.5,b,b,89.6,89.6,0.0
2001807970,1091117327474,765,1.0,4130.0,4.5,b,d,61.3,403.8,-342.5
2001807981,1091117327570,500,0.5,500.0,0.5,b,d,33.0,45.4,-12.4
2001808118,1091117435134,343,0.5,500.0,0.5,b,b,33.0,33.0,0.0
2001808118,1091117435134,343,0.5,500.0,0.5,b,b,33.0,33.0,0.0
2001808286,1091117435602,601,1.0,770.0,1.0,b,d,61.3,90.2,-28.9
2001808286,1091117435602,601,1.0,770.0,1.0,b,d,61.3,90.2,-28.9
2001808475,1091117436346,500,0.5,700.0,1.0,b,d,33.0,90.2,-57.2
2001808475,1091117436346,500,0.5,700.0,1.0,b,d,33.0,90.2,-57.2
2001808507,1091117436383,607,1.0,790.0,1.0,b,b,61.3,61.3,0.0
2001808675,1091117437050,1183,1.5,1200.0,1.5,b,b,89.6,89.6,0.0
2001808679,1091117437035,500,0.5,720.0,1.0,b,d,33.0,90.2,-57.2
2001808739,1091117437293,220,0.5,1630.0,2.0,b,d,33.0,179.8,-146.8
2001808801,1091117437680,731,1.0,800.0,1.0,b,d,61.3,90.2,-28.9
2001808801,1091117437680,731,1.0,800.0,1.0,b,d,61.3,90.2,-28.9
2001808832,1091117437864,600,1.0,2470.0,2.5,b,d,61.3,224.6,-163.3
2001808837,1091117437890,500,0.5,670.0,1.0,b,d,33.0,90.2,-57.2
2001808837,1091117437890,500,0.5,670.0,1.0,b,d,33.0,90.2,-57.2
2001808883,1091117438074,500,0.5,720.0,1.0,b,d,33.0,90.2,-57.2
2001808883,1091117438074,500,0.5,720.0,1.0,b,d,33.0,90.2,-57.2
2001808992,1091117611501,500,0.5,720.0,1.0,b,d,33.0,90.2,-57.2
2001809270,1091117613962,500,0.5,680.0,1.0,b,d,33.0,90.2,-57.2
2001809383,1091117614452,607,1.0,500.0,0.5,b,d,110.1,86.7,23.4
2001809592,1091117616121,1505,2.0,1500.0,1.5,b,b,117.9,89.6,28.3
2001809934,1091117803511,361,0.5,820.0,1.0,b,d,33.0,90.2,-57.2
2001810104,1091117804200,601,1.0,760.0,1.0,b,d,61.3,90.2,-28.9
2001810125,1091117804314,500,0.5,660.0,1.0,b,d,33.0,90.2,-57.2
2001810281,1091117805390,500,0.5,680.0,1.0,b,d,33.0,90.2,-57.2
2001810281,1091117805390,500,0.5,680.0,1.0,b,d,33.0,90.2,-57.2
2001810549,1091117806263,986,1.0,1860.0,2.0,b,d,61.3,179.8,-118.5
2001810549,1091117806263,986,1.0,1860.0,2.0,b,d,61.3,179.8,-118.5
2001810549,1091117806263,986,1.0,1860.0,2.0,b,d,61.3,179.8,-118.5
2001810549,1091117806263,986,1.0,1860.0,2.0,b,d,61.3,179.8,-118.5
2001810549,1091117806263,986,1.0,1860.0,2.0,b,d,61.3,179.8,-118.5
2001810697,1091117807140,607,1.0,2270.0,2.5,b,d,61.3,224.6,-163.3
2001811039,1091117904860,488,0.5,680.0,1.0,b,d,33.0,90.2,-57.2
2001811039,1091117904860,488,0.5,680.0,1.0,b,d,33.0,90.2,-57.2
2001811058,1091117905022,500,0.5,720.0,1.0,b,d,33.0,90.2,-57.2
2001811058,1091117905022,500,0.5,720.0,1.0,b,d,33.0,90.2,-57.2
2001811153,1091117957533,607,1.0,760.0,1.0,b,d,61.3,90.2,-28.9
2001811229,1091117957942,505,1.0,600.0,1.0,b,d,61.3,90.2,-28.9
2001811305,1091121846136,750,1.0,500.0,0.5,b,d,61.3,45.4,15.9
2001811305,1091121846136,750,1.0,500.0,0.5,b,d,61.3,45.4,15.9
2001811306,1091117958163,945,1.0,1100.0,1.5,b,d,61.3,135.0,-73.7
2001811306,1091117958163,945,1.0,1100.0,1.5,b,d,61.3,135.0,-73.7
2001811306,1091117958163,945,1.0,1100.0,1.5,b,d,61.3,135.0,-73.7
2001811306,1091117958163,945,1.0,1100.0,1.5,b,d,61.3,135.0,-73.7
2001811306,1091117958163,945,1.0,1100.0,1.5,b,d,61.3,135.0,-73.7
2001811363,1091117958395,508,1.0,590.0,1.0,b,d,61.3,90.2,-28.9
2001811466,1091118001865,607,1.0,800.0,1.0,b,d,61.3,90.2,-28.9
2001811466,1091118001865,607,1.0,800.0,1.0,b,d,61.3,90.2,-28.9
2001811809,1091118009786,500,0.5,500.0,0.5,b,d,53.5,86.7,-33.2
2001812195,1091118442390,500,0.5,670.0,1.0,b,d,33.0,90.2,-57.2
2001812195,1091118442390,500,0.5,670.0,1.0,b,d,33.0,90.2,-57.2
2001812650,1091118591534,563,1.0,610.0,1.0,b,d,61.3,90.2,-28.9
2001812650,1091118591534,563,1.0,610.0,1.0,b,d,61.3,90.2,-28.9
2001812838,1091118547832,558,1.0,600.0,1.0,b,b,110.1,102.3,7.8
2001812854,1091118548333,2572,3.0,2940.0,3.0,b,d,174.5,269.4,-94.9
2001812941,1091118551656,500,0.5,730.0,1.0,b,d,33.0,90.2,-57.2
2001813009,1091118553701,720,1.0,1000.0,1.0,b,d,61.3,90.2,-28.9
2001813009,1091118553701,720,1.0,1000.0,1.0,b,d,61.3,90.2,-28.9
2001813009,1091118553701,720,1.0,1000.0,1.0,b,d,61.3,90.2,-28.9
2001813009,1091118553701,720,1.0,1000.0,1.0,b,d,61.3,90.2,-28.9
2001814580,1091118925110,127,0.5,150.0,0.5,b,d,53.5,86.7,-33.2
2001815688,1091119169701,220,0.5,200.0,0.5,b,d,33.0,45.4,-12.4
2001815688,1091119169701,220,0.5,200.0,0.5,b,d,33.0,45.4,-12.4
2001815688,1091119169701,220,0.5,200.0,0.5,b,d,33.0,45.4,-12.4
2001815688,1091119169701,220,0.5,200.0,0.5,b,d,33.0,45.4,-12.4
2001815688,1091119169701,220,0.5,200.0,0.5,b,d,33.0,45.4,-12.4
2001816131,1091119367193,554,1.0,700.0,1.0,b,d,61.3,90.2,-28.9
2001816131,1091119367193,554,1.0,700.0,1.0,b,d,61.3,90.2,-28.9
2001816131,1091119367193,554,1.0,700.0,1.0,b,d,61.3,90.2,-28.9
2001816131,1091119367193,554,1.0,700.0,1.0,b,d,61.3,90.2,-28.9
2001816131,1091119367193,554,1.0,700.0,1.0,b,d,61.3,90.2,-28.9
2001816996,1091119429202,500,0.5,500.0,0.5,b,d,33.0,45.4,-12.4
2001817093,1091121485824,1357,1.5,1300.0,1.5,b,b,166.7,151.1,15.6
2001820690,1091121306101,65,0.5,150.0,0.5,b,d,33.0,45.4,-12.4
2001820978,1091120922803,515,1.0,500.0,0.5,b,d,61.3,45.4,15.9
2001821185,1091120959225,2098,2.5,2100.0,2.5,b,d,146.2,224.6,-78.4
2001821185,1091120959225,2098,2.5,2100.0,2.5,b,d,146.2,224.6,-78.4
2001821185,1091120959225,2098,2.5,2100.0,2.5,b,d,146.2,224.6,-78.4
2001821185,1091120959225,2098,2.5,2100.0,2.5,b,d,146.2,224.6,-78.4
2001821284,1091120962515,177,0.5,200.0,0.5,b,d,33.0,45.4,-12.4
2001821284,1091120962515,177,0.5,200.0,0.5,b,d,33.0,45.4,-12.4
2001821284,1091120962515,177,0.5,200.0,0.5,b,d,33.0,45.4,-12.4
2001821284,1091120962515,177,0.5,200.0,0.5,b,d,33.0,45.4,-12.4
2001821502,1091121185863,558,1.0,600.0,1.0,b,d,61.3,90.2,-28.9
2001821679,1091121031745,165,0.5,200.0,0.5,b,d,33.0,45.4,-12.4
2001821742,1091121034114,240,0.5,150.0,0.5,b,d,33.0,45.4,-12.4
2001821750,1091121034350,755,1.0,800.0,1.0,b,d,61.3,90.2,-28.9
2001821766,1091121034641,240,0.5,200.0,0.5,b,d,33.0,45.4,-12.4
2001821766,1091121034641,240,0.5,200.0,0.5,b,d,33.0,45.4,-12.4
2001821766,1091121034641,240,0.5,200.0,0.5,b,d,33.0,45.4,-12.4
2001821766,1091121034641,240,0.5,200.0,0.5,b,d,33.0,45.4,-12.4
2001821995,1091121183730,477,0.5,500.0,0.5,b,d,33.0,45.4,-12.4
2001822466,1091121305541,1376,1.5,1100.0,1.5,b,d,89.6,135.0,-45.4
2001806226,1091117222065,480,0.5,680.0,1.0,d,d,45.4,90.2,-44.8
2001806229,1091117222080,500,0.5,710.0,1.0,d,d,45.4,90.2,-44.8
2001806232,1091117222124,1302,1.5,1300.0,1.5,d,d,135.0,135.0,0.0
2001806251,1091117222146,245,0.5,1270.0,1.5,d,d,45.4,135.0,-89.6
2001806273,1091117222194,615,1.0,1000.0,1.0,d,d,90.19999999999999,90.2,-0.0
2001806338,1091117222570,500,0.5,700.0,1.0,d,d,45.4,90.2,-44.8
2001806408,1091117222931,2265,2.5,2500.0,2.5,d,d,224.6,224.6,0.0
2001806446,1091117223211,500,0.5,690.0,1.0,d,d,45.4,90.2,-44.8
2001806533,1091117224353,500,0.5,680.0,1.0,d,d,45.4,90.2,-44.8
2001806567,1091117224902,952,1.0,1160.0,1.5,d,d,90.19999999999999,135.0,-44.8
2001806652,1091117226221,500,0.5,690.0,1.0,d,d,45.4,90.2,-44.8
2001806686,1091117229555,240,0.5,150.0,0.5,d,d,45.4,45.4,0.0
2001806726,1091117226910,500,0.5,680.0,1.0,d,d,45.4,90.2,-44.8
2001806733,1091117226674,967,1.0,1130.0,1.5,d,d,90.19999999999999,135.0,-44.8
2001806735,1091117226711,500,0.5,690.0,1.0,d,d,45.4,90.2,-44.8
2001807004,1091117229290,500,0.5,680.0,1.0,d,d,45.4,90.2,-44.8
2001807012,1091117229345,240,0.5,150.0,0.5,d,d,45.4,45.4,0.0
2001807036,1091117323005,1459,1.5,1640.0,2.0,d,d,135.0,179.8,-44.8
2001807084,1091117323215,500,0.5,670.0,1.0,d,d,45.4,90.2,-44.8
2001807186,1091117323812,500,0.5,500.0,0.5,d,d,45.4,45.4,0.0
2001807290,1091117324206,500,0.5,500.0,0.5,d,d,45.4,45.4,0.0
2001807362,1091117324394,2016,2.5,2000.0,2.0,d,d,224.6,179.8,44.8
2001807930,1091117327695,240,0.5,150.0,0.5,d,d,45.4,45.4,0.0
2001807931,1091117327172,607,1.0,720.0,1.0,d,d,90.19999999999999,90.2,-0.0
2001807960,1091117327312,930,1.0,1000.0,1.0,d,d,90.19999999999999,90.2,-0.0
2001807976,1091117327496,721,1.0,700.0,1.0,d,d,176.3,172.8,3.5
2001808102,1091117435005,1157,1.5,1280.0,1.5,d,d,135.0,135.0,0.0
2001808207,1091117435370,607,1.0,790.0,1.0,d,d,90.19999999999999,90.2,-0.0
2001808542,1091117436464,734,1.0,860.0,1.0,d,d,90.19999999999999,90.2,-0.0
2001809794,1091117795531,1517,2.0,1500.0,1.5,d,d,179.79999999999998,135.0,44.8
2001809820,1091117795623,3080,3.5,3000.0,3.0,d,d,314.19999999999993,269.4,44.8
2001809917,1091121482593,630,1.0,600.0,1.0,d,d,176.3,172.8,3.5
2001811192,1091117957780,1032,1.5,1130.0,1.5,d,d,265.9,258.9,7.0
2001816684,1091119398844,920,1.0,990.0,1.0,d,d,176.3,172.8,3.5
2001817160,1091119630264,700,1.0,700.0,1.0,d,d,176.3,172.8,3.5
2001821190,1091120959015,1200,1.5,1200.0,1.5,d,d,265.9,258.9,7.0
2001823564,1091121666133,672,1.0,700.0,1.0,d,d,176.3,172.8,3.5
2001825261,1091121981575,1557,2.0,1600.0,2.0,d,d,355.49999999999994,345.0,10.5
2001808295,1091117435661,245,0.5,200.0,0.5,e,e,107.30000000000001,107.3,0.0
2001808585,1091117436652,500,0.5,720.0,1.0,e,b,56.6,61.3,-4.7
2001811475,1091121844806,689,1.0,500.0,0.5,e,b,112.1,33.0,79.1
2001811475,1091121844806,689,1.0,500.0,0.5,e,b,112.1,33.0,79.1
2001811604,1091118004245,721,1.0,800.0,1.0,e,b,112.1,61.3,50.8
2001811604,1091118004245,721,1.0,800.0,1.0,e,b,112.1,61.3,50.8
2001818390,1091120014461,841,1.0,800.0,1.0,e,e,218.3,213.5,4.8
2001819252,1091120352712,270,0.5,300.0,0.5,e,b,56.6,33.0,23.6
2001827036,1091122418320,2176,2.5,1600.0,2.0,e,b,278.6,117.9,160.7
